0 0 1 1 0 0 0 0 0 0 0 0 0 0 0 1 0 0 1 1 0 0 0 0 0 0 0 1 0 1
1 0 1 0 0 0 0 0 0 0 1 1 1 0 0 1 1 0 1 0 0 1 1 0 0 1 0 0 0 0
0 0 0 1 0 1 0 0 0 1 1 0 0 0 0 1 0 1 1 1 1 1 0 0 1 0 0 0 0 1
KL 70.30
12th Dec 130.50
8am 210.50
0 0 0 1 0 0 0 1 0 1 0 0 0 0 1 0 0 1 1 0 0 0 1 1 0 0 1 0 1 0
0 0 0 0 0 0 1 0 0 0 1 1 0 0 0 1 1 0 1 1 1 1 0 0 0 1 0 1 0 0
0 0 1 1 1 0 1 0 1 0 0 0 1 0 0 1 0 0 0 0 0 1 1 1 1 0 1 1 0 0
Sabah 70.30
18th_feb 0
4pm 200.50
1 0 0 0 0 0 0 0 0 0 1 0 0 0 0 0 0 1 1 0 0 0 0 1 1 0 0 1 0 0
0 0 0 0 0 1 0 0 0 0 0 1 0 0 0 1 1 1 0 0 1 0 1 1 0 0 0 0 1 0
1 1 0 1 0 1 1 1 0 0 1 1 0 0 0 1 0 1 1 0 0 0 1 0 1 1 0 1 1 0
Banana 0
7th_oct 140
12pm 200